1.000000000000000000e+00 2.830000000000000071e+00
2.000000000000000000e+00 2.240000000000000213e+00
3.000000000000000000e+00 2.379999999999999893e+00
4.000000000000000000e+00 2.620000000000000107e+00
5.000000000000000000e+00 2.529999999999999805e+00
6.000000000000000000e+00 2.649999999999999911e+00
7.000000000000000000e+00 3.740000000000000213e+00
8.000000000000000000e+00 4.669999999999999929e+00
9.000000000000000000e+00 2.540000000000000036e+00
1.000000000000000000e+01 3.620000000000000107e+00
1.100000000000000000e+01 2.220000000000000195e+00
1.200000000000000000e+01 2.850000000000000089e+00
1.300000000000000000e+01 2.700000000000000178e+00
1.400000000000000000e+01 2.549999999999999822e+00
1.500000000000000000e+01 2.859999999999999876e+00
1.600000000000000000e+01 3.339999999999999858e+00
1.700000000000000000e+01 2.229999999999999982e+00
1.800000000000000000e+01 2.319999999999999840e+00
1.900000000000000000e+01 3.620000000000000107e+00
2.000000000000000000e+01 2.310000000000000053e+00
2.100000000000000000e+01 3.229999999999999982e+00
2.200000000000000000e+01 2.700000000000000178e+00
2.300000000000000000e+01 3.490000000000000213e+00
2.400000000000000000e+01 3.200000000000000178e+00
2.500000000000000000e+01 2.839999999999999858e+00
2.600000000000000000e+01 2.930000000000000160e+00
2.700000000000000000e+01 3.060000000000000053e+00
2.800000000000000000e+01 3.259999999999999787e+00
2.900000000000000000e+01 2.950000000000000178e+00
3.000000000000000000e+01 3.029999999999999805e+00
3.100000000000000000e+01 3.799999999999999822e+00
