0.000000000000000000e+00 -1.340000000000000036e+01
1.000000000000000000e+00 -6.790000000000000568e+01
2.000000000000000000e+00 -3.989999999999999858e+01
3.000000000000000000e+00 -5.560000000000000142e+01
4.000000000000000000e+00 -5.089999999999999858e+01
5.000000000000000000e+00 2.110000000000000142e+01
6.000000000000000000e+00 5.750000000000000000e+01
7.000000000000000000e+00 1.800000000000000044e+00
8.000000000000000000e+00 6.099999999999999645e+00
9.000000000000000000e+00 1.500000000000000000e+00
1.000000000000000000e+01 6.000000000000000000e+00
