0.000000000000000000e+00 3.250000000000000000e+00
1.000000000000000000e+00 2.299999999999999822e+00
2.000000000000000000e+00 1.800000000000000044e+00
3.000000000000000000e+00 1.850000000000000089e+00
4.000000000000000000e+00 3.009999999999999787e+00
5.000000000000000000e+00 2.180000000000000160e+00
6.000000000000000000e+00 3.009999999999999787e+00
7.000000000000000000e+00 1.840000000000000080e+00
8.000000000000000000e+00 2.370000000000000107e+00
9.000000000000000000e+00 2.560000000000000053e+00
1.000000000000000000e+01 2.350000000000000089e+00
1.100000000000000000e+01 2.220000000000000195e+00
1.200000000000000000e+01 2.839999999999999858e+00
1.300000000000000000e+01 2.189999999999999947e+00
1.400000000000000000e+01 3.709999999999999964e+00
1.500000000000000000e+01 3.209999999999999964e+00
1.600000000000000000e+01 3.109999999999999876e+00
1.700000000000000000e+01 3.859999999999999876e+00
1.800000000000000000e+01 2.100000000000000089e+00
1.900000000000000000e+01 2.970000000000000195e+00
2.000000000000000000e+01 3.359999999999999876e+00
2.000000000000000000e+01 3.359999999999999876e+00
2.100000000000000000e+01 3.560000000000000053e+00
2.100000000000000000e+01 3.560000000000000053e+00
2.200000000000000000e+01 2.250000000000000000e+00
2.200000000000000000e+01 2.250000000000000000e+00
2.300000000000000000e+01 2.399999999999999911e+00
2.300000000000000000e+01 2.399999999999999911e+00
2.400000000000000000e+01 2.629999999999999893e+00
2.400000000000000000e+01 2.629999999999999893e+00
2.500000000000000000e+01 2.600000000000000089e+00
2.500000000000000000e+01 2.600000000000000089e+00
2.600000000000000000e+01 2.274999999999999911e+00
2.600000000000000000e+01 2.274999999999999911e+00
2.700000000000000000e+01 2.930000000000000160e+00
2.800000000000000000e+01 2.205000000000000071e+00
2.800000000000000000e+01 2.205000000000000071e+00
