0.000000000000000000e+00 2.279999999999999805e+00
1.000000000000000000e+00 1.780000000000000027e+00
2.000000000000000000e+00 3.200000000000000178e+00
3.000000000000000000e+00 2.899999999999999911e+00
4.000000000000000000e+00 3.250000000000000000e+00
5.000000000000000000e+00 1.810000000000000053e+00
6.000000000000000000e+00 2.970000000000000195e+00
7.000000000000000000e+00 2.930000000000000160e+00
8.000000000000000000e+00 3.669999999999999929e+00
9.000000000000000000e+00 1.830000000000000071e+00
1.000000000000000000e+01 2.910000000000000142e+00
1.100000000000000000e+01 2.379999999999999893e+00
1.200000000000000000e+01 3.339999999999999858e+00
1.300000000000000000e+01 2.149999999999999911e+00
1.400000000000000000e+01 1.979999999999999982e+00
1.500000000000000000e+01 2.509999999999999787e+00
1.600000000000000000e+01 1.770000000000000018e+00
1.700000000000000000e+01 3.430000000000000160e+00
1.800000000000000000e+01 2.370000000000000107e+00
1.900000000000000000e+01 3.109999999999999876e+00
2.000000000000000000e+01 3.080000000000000071e+00
2.100000000000000000e+01 1.889999999999999902e+00
2.200000000000000000e+01 2.839999999999999858e+00
2.300000000000000000e+01 2.169999999999999929e+00
2.400000000000000000e+01 2.229999999999999982e+00
2.500000000000000000e+01 3.240000000000000213e+00
2.600000000000000000e+01 3.669999999999999929e+00
2.700000000000000000e+01 3.359999999999999876e+00
2.800000000000000000e+01 3.209999999999999964e+00
2.900000000000000000e+01 3.580000000000000071e+00
3.000000000000000000e+01 2.870000000000000107e+00
3.100000000000000000e+01 2.149999999999999911e+00
3.200000000000000000e+01 2.979999999999999982e+00
3.300000000000000000e+01 1.780000000000000027e+00
