0.000000000000000000e+00 2.770000000000000018e+00
1.000000000000000000e+00 2.569999999999999840e+00
2.000000000000000000e+00 2.160000000000000142e+00
3.000000000000000000e+00 2.310000000000000053e+00
4.000000000000000000e+00 2.100000000000000089e+00
5.000000000000000000e+00 2.629999999999999893e+00
6.000000000000000000e+00 2.310000000000000053e+00
7.000000000000000000e+00 2.540000000000000036e+00
8.000000000000000000e+00 2.229999999999999982e+00
9.000000000000000000e+00 2.560000000000000053e+00
1.000000000000000000e+01 2.729999999999999982e+00
1.100000000000000000e+01 2.609999999999999876e+00
1.200000000000000000e+01 2.720000000000000195e+00
1.300000000000000000e+01 2.839999999999999858e+00
1.400000000000000000e+01 2.259999999999999787e+00
1.500000000000000000e+01 3.660000000000000142e+00
1.600000000000000000e+01 2.299999999999999822e+00
1.700000000000000000e+01 2.549999999999999822e+00
1.800000000000000000e+01 3.009999999999999787e+00
1.900000000000000000e+01 2.330000000000000071e+00
2.000000000000000000e+01 2.259999999999999787e+00
2.100000000000000000e+01 2.640000000000000124e+00
2.200000000000000000e+01 3.549999999999999822e+00
2.300000000000000000e+01 2.569999999999999840e+00
2.400000000000000000e+01 3.100000000000000089e+00
2.500000000000000000e+01 3.330000000000000071e+00
