0.000000000000000000e+00 2.729999999999999982e+00
1.000000000000000000e+00 2.919999999999999929e+00
2.000000000000000000e+00 2.180000000000000160e+00
3.000000000000000000e+00 3.790000000000000036e+00
4.000000000000000000e+00 2.529999999999999805e+00
5.000000000000000000e+00 2.490000000000000213e+00
6.000000000000000000e+00 2.970000000000000195e+00
7.000000000000000000e+00 2.470000000000000195e+00
8.000000000000000000e+00 2.220000000000000195e+00
9.000000000000000000e+00 3.020000000000000018e+00
1.000000000000000000e+01 2.879999999999999893e+00
1.100000000000000000e+01 2.060000000000000053e+00
1.200000000000000000e+01 3.169999999999999929e+00
1.300000000000000000e+01 2.390000000000000124e+00
1.400000000000000000e+01 2.100000000000000089e+00
1.500000000000000000e+01 3.100000000000000089e+00
1.600000000000000000e+01 3.319999999999999840e+00
1.700000000000000000e+01 2.580000000000000071e+00
1.800000000000000000e+01 3.990000000000000213e+00
