0.000000000000000000e+00 3.549999999999999822e+00
1.000000000000000000e+00 2.720000000000000195e+00
2.000000000000000000e+00 2.470000000000000195e+00
3.000000000000000000e+00 2.569999999999999840e+00
4.000000000000000000e+00 2.180000000000000160e+00
5.000000000000000000e+00 3.839999999999999858e+00
6.000000000000000000e+00 1.969999999999999973e+00
7.000000000000000000e+00 2.500000000000000000e+00
8.000000000000000000e+00 2.830000000000000071e+00
9.000000000000000000e+00 2.029999999999999805e+00
