0.000000000000000000e+00 2.970000000000000195e+00
1.000000000000000000e+00 2.799999999999999822e+00
1.000000000000000000e+00 2.799999999999999822e+00
2.000000000000000000e+00 3.140000000000000124e+00
3.000000000000000000e+00 3.660000000000000142e+00
4.000000000000000000e+00 3.259999999999999787e+00
5.000000000000000000e+00 2.839999999999999858e+00
6.000000000000000000e+00 2.490000000000000213e+00
7.000000000000000000e+00 3.419999999999999929e+00
8.000000000000000000e+00 1.939999999999999947e+00
9.000000000000000000e+00 1.939999999999999947e+00
1.000000000000000000e+01 2.069999999999999840e+00
