0.000000000000000000e+00 3.259999999999999787e+00
1.000000000000000000e+00 2.319999999999999840e+00
2.000000000000000000e+00 1.820000000000000062e+00
3.000000000000000000e+00 2.899999999999999911e+00
4.000000000000000000e+00 1.840000000000000080e+00
5.000000000000000000e+00 3.009999999999999787e+00
6.000000000000000000e+00 3.459999999999999964e+00
7.000000000000000000e+00 1.870000000000000107e+00
8.000000000000000000e+00 2.209999999999999964e+00
9.000000000000000000e+00 2.979999999999999982e+00
1.000000000000000000e+01 1.850000000000000089e+00
1.100000000000000000e+01 2.879999999999999893e+00
1.200000000000000000e+01 2.910000000000000142e+00
1.300000000000000000e+01 1.899999999999999911e+00
1.400000000000000000e+01 3.370000000000000107e+00
1.500000000000000000e+01 3.299999999999999822e+00
1.600000000000000000e+01 3.490000000000000213e+00
1.700000000000000000e+01 2.229999999999999982e+00
1.800000000000000000e+01 2.859999999999999876e+00
1.900000000000000000e+01 2.200000000000000178e+00
2.000000000000000000e+01 3.220000000000000195e+00
2.100000000000000000e+01 3.660000000000000142e+00
2.200000000000000000e+01 3.430000000000000160e+00
2.300000000000000000e+01 3.660000000000000142e+00
2.400000000000000000e+01 2.910000000000000142e+00
2.500000000000000000e+01 3.240000000000000213e+00
2.600000000000000000e+01 2.180000000000000160e+00
2.700000000000000000e+01 3.180000000000000160e+00
2.800000000000000000e+01 4.059999999999999609e+00
2.900000000000000000e+01 3.000000000000000000e+00
3.000000000000000000e+01 1.780000000000000027e+00
