0.000000000000000000e+00 2.839999999999999858e+00
1.000000000000000000e+00 2.609999999999999876e+00
2.000000000000000000e+00 2.069999999999999840e+00
3.000000000000000000e+00 2.330000000000000071e+00
4.000000000000000000e+00 2.609999999999999876e+00
5.000000000000000000e+00 2.180000000000000160e+00
6.000000000000000000e+00 2.000000000000000000e+00
7.000000000000000000e+00 2.180000000000000160e+00
8.000000000000000000e+00 2.660000000000000142e+00
9.000000000000000000e+00 3.419999999999999929e+00
9.000000000000000000e+00 3.419999999999999929e+00
1.000000000000000000e+01 4.690000000000000391e+00
1.100000000000000000e+01 2.609999999999999876e+00
1.200000000000000000e+01 2.419999999999999929e+00
1.200000000000000000e+01 2.419999999999999929e+00
1.300000000000000000e+01 2.330000000000000071e+00
1.400000000000000000e+01 3.589999999999999858e+00
